Mass Peak List Sorted by Intensity:
Mass(Da)    +- Std. Dev.    Intensity    Score    Delta Mass   %Relative   %Total   Presumed Identity
  8798.9         0.7        1.78E+003     8.86         0.0       100.00     76.25     Target Mass: 8798.7, G1-C29
  8494.6         1.6        2.61E+002     5.81      -304.3       14.65     11.17     8798.7 (Minus T)
  8821.2         1.3        8.46E+001     3.63        22.3        4.74      3.62     
  8511.7         0.8        4.48E+001     2.27      -287.2        2.51      1.91     
  6160.4         0.5        4.28E+001     2.16     -2638.5        2.40      1.83     
  8666.2         0.6        3.79E+001     2.04      -132.7        2.12      1.62     
  7451.3         1.3        3.58E+001     3.26     -1347.6        2.01      1.53     
  7962.5         0.6        2.83E+001     2.48      -836.4        1.59      1.21     
  6089.0         0.7        2.00E+001     3.12     -2709.9        1.12      0.85     

Mass Peak List Sorted by Mass:
Mass(Da)    +- Std. Dev.    Intensity    Score    Delta Mass   %Relative   %Total   Presumed Identity
  6089.0         0.7        2.00E+001     3.12     -2709.9        1.12      0.85     
  6160.4         0.5        4.28E+001     2.16     -2638.5        2.40      1.83     
  7451.3         1.3        3.58E+001     3.26     -1347.6        2.01      1.53     
  7962.5         0.6        2.83E+001     2.48      -836.4        1.59      1.21     
  8494.6         1.6        2.61E+002     5.81      -304.3       14.65     11.17     8798.7 (Minus T)
  8511.7         0.8        4.48E+001     2.27      -287.2        2.51      1.91     
  8666.2         0.6        3.79E+001     2.04      -132.7        2.12      1.62     
  8798.9         0.7        1.78E+003     8.86         0.0       100.00     76.25     Target Mass: 8798.7, G1-C29
  8821.2         1.3        8.46E+001     3.63        22.3        4.74      3.62     
