Mass Peak List Sorted by Intensity:
Mass(Da)    +- Std. Dev.    Intensity    Score    Delta Mass   %Relative   %Total   Presumed Identity
 15366.3         1.3        1.28E+004    12.88         0.0       100.00     72.70     Target Mass: 15364.9, T1-A50
 15386.0         1.1        1.52E+003     8.62        19.7       11.93      8.67     15364.9 (*na adduct)
 15511.5         0.7        9.42E+002     5.68       145.2        7.38      5.36     
 15401.9         1.9        6.64E+002     5.14        35.6        5.20      3.78     15364.9 (*k adduct)
 15233.9         1.1        6.49E+002     6.14      -132.4        5.08      3.69     
 15080.6         2.0        3.10E+002     4.36      -285.7        2.42      1.76     
 10859.0         0.5        2.09E+002     3.30     -4507.3        1.64      1.19     
 15424.2         2.1        1.92E+002     2.12        57.9        1.50      1.09     
 15532.3         3.5        1.70E+002     3.32       166.0        1.33      0.97     
 14743.9         2.3        1.38E+002     2.74      -622.4        1.08      0.79     

Mass Peak List Sorted by Mass:
Mass(Da)    +- Std. Dev.    Intensity    Score    Delta Mass   %Relative   %Total   Presumed Identity
 10859.0         0.5        2.09E+002     3.30     -4507.3        1.64      1.19     
 14743.9         2.3        1.38E+002     2.74      -622.4        1.08      0.79     
 15080.6         2.0        3.10E+002     4.36      -285.7        2.42      1.76     
 15233.9         1.1        6.49E+002     6.14      -132.4        5.08      3.69     
 15366.3         1.3        1.28E+004    12.88         0.0       100.00     72.70     Target Mass: 15364.9, T1-A50
 15386.0         1.1        1.52E+003     8.62        19.7       11.93      8.67     15364.9 (*na adduct)
 15401.9         1.9        6.64E+002     5.14        35.6        5.20      3.78     15364.9 (*k adduct)
 15424.2         2.1        1.92E+002     2.12        57.9        1.50      1.09     
 15511.5         0.7        9.42E+002     5.68       145.2        7.38      5.36     
 15532.3         3.5        1.70E+002     3.32       166.0        1.33      0.97     
