Mass Peak List Sorted by Intensity:
Mass(Da)    +- Std. Dev.    Intensity    Score    Delta Mass   %Relative   %Total   Presumed Identity
 15469.8         0.7        1.03E+004    13.46         0.0       100.00     73.68     Target Mass: 15469.0, G1-G50
 15492.5         1.8        1.42E+003     8.46        22.7       13.84     10.20     15469.0 (*na adduct)
 15337.1         1.3        7.84E+002     6.35      -132.7        7.63      5.62     15469.0 (A depurination)
 15517.0         1.3        4.04E+002     7.42        47.2        3.93      2.90     
 15615.4         0.9        2.52E+002     3.75       145.6        2.45      1.80     
 15593.7         0.8        2.39E+002     4.54       123.9        2.33      1.72     
 14695.1         2.8        2.34E+002     4.37      -774.7        2.28      1.68     
 10688.7         1.0        1.79E+002     4.07     -4781.1        1.74      1.28     
 15358.8         1.8        1.56E+002     3.99      -111.0        1.52      1.12     

Mass Peak List Sorted by Mass:
Mass(Da)    +- Std. Dev.    Intensity    Score    Delta Mass   %Relative   %Total   Presumed Identity
 10688.7         1.0        1.79E+002     4.07     -4781.1        1.74      1.28     
 14695.1         2.8        2.34E+002     4.37      -774.7        2.28      1.68     
 15337.1         1.3        7.84E+002     6.35      -132.7        7.63      5.62     15469.0 (A depurination)
 15358.8         1.8        1.56E+002     3.99      -111.0        1.52      1.12     
 15469.8         0.7        1.03E+004    13.46         0.0       100.00     73.68     Target Mass: 15469.0, G1-G50
 15492.5         1.8        1.42E+003     8.46        22.7       13.84     10.20     15469.0 (*na adduct)
 15517.0         1.3        4.04E+002     7.42        47.2        3.93      2.90     
 15593.7         0.8        2.39E+002     4.54       123.9        2.33      1.72     
 15615.4         0.9        2.52E+002     3.75       145.6        2.45      1.80     
